# PURPOSE: This file distributes the KCH Employee data 
#
# The format for each line is (i stands for integer, f for float):
#iii ii ii ff.f ff.ff fffff.fffff fffff.fffff ff.fff iiii i
# The parameters in each line are:
#YYY MM DD hh.h hh._m        days      days_m     Kp   Employees D
2022 08 09 03.0 04.50 33093.12500 33093.18750  3.667   22 0
2022 08 09 06.0 07.50 33093.25000 33093.31250  3.333   18 0
2022 08 09 00.0 01.50 33093.00000 33093.06250  2.667   12 0
2022 08 09 09.0 10.50 33093.37500 33093.43750  4.000   27 0
2022 08 09 12.0 13.50 33093.50000 33093.56250  3.333   18 0
2022 08 09 15.0 16.50 33093.62500 33093.68750  3.333   18 0
2022 08 09 18.0 19.50 33093.75000 33093.81250  3.333   18 0
2022 08 09 21.0 22.50 33093.87500 33093.93750  2.000    7 0
2022 08 10 00.0 01.50 33094.00000 33094.06250  2.000    7 0
2022 08 10 03.0 04.50 33094.12500 33094.18750  3.000   15 0
2022 08 10 06.0 07.50 33094.25000 33094.31250  1.667    6 0
2022 08 10 09.0 10.50 33094.37500 33094.43750  2.667   12 0
2022 08 10 12.0 13.50 33094.50000 33094.56250  2.667   12 0
2022 08 10 15.0 16.50 33094.62500 33094.68750  3.000   15 0
2022 08 10 18.0 19.50 33094.75000 33094.81250  3.333   18 0
2022 08 10 21.0 22.50 33094.87500 33094.93750  2.667   12 0
2022 08 11 00.0 01.50 33095.00000 33095.06250  2.333    9 0
2022 08 11 03.0 04.50 33095.12500 33095.18750  1.667    6 0
2022 08 11 06.0 07.50 33095.25000 33095.31250  2.333    9 0
2022 08 11 09.0 10.50 33095.37500 33095.43750  3.333   18 0
2022 08 11 12.0 13.50 33095.50000 33095.56250  3.000   15 0
2022 08 11 15.0 16.50 33095.62500 33095.68750  4.000   27 0
2022 08 11 18.0 19.50 33095.75000 33095.81250  4.000   27 0
2022 08 11 21.0 22.50 33095.87500 33095.93750  3.333   18 0
2022 08 12 00.0 01.50 33096.00000 33096.06250  2.333    9 0
2022 08 12 03.0 04.50 33096.12500 33096.18750  1.000    4 0
2022 08 12 06.0 07.50 33096.25000 33096.31250  2.333    9 0
2022 08 12 09.0 10.50 33096.37500 33096.43750  2.000    7 0
2022 08 12 12.0 13.50 33096.50000 33096.56250  2.000    7 0
2022 08 12 15.0 16.50 33096.62500 33096.68750  1.000    4 0
2022 08 12 18.0 19.50 33096.75000 33096.81250  0.333    2 0
2022 08 12 21.0 22.50 33096.87500 33096.93750  0.667    3 0
2022 08 13 00.0 01.50 33097.00000 33097.06250  1.000    4 0
2022 08 13 03.0 04.50 33097.12500 33097.18750  2.333    9 0
2022 08 13 06.0 07.50 33097.25000 33097.31250  2.000    7 0
2022 08 13 09.0 10.50 33097.37500 33097.43750  2.333    9 0
2022 08 13 12.0 13.50 33097.50000 33097.56250  2.000    7 0
2022 08 13 15.0 16.50 33097.62500 33097.68750  2.333    9 0
2022 08 13 18.0 19.50 33097.75000 33097.81250  2.333    9 0
2022 08 13 21.0 22.50 33097.87500 33097.93750  2.333    9 0
2022 08 14 00.0 01.50 33098.00000 33098.06250  2.667   12 0
2022 08 14 03.0 04.50 33098.12500 33098.18750  2.333    9 0
2022 08 14 06.0 07.50 33098.25000 33098.31250  1.667    6 0
2022 08 14 09.0 10.50 33098.37500 33098.43750  1.333    5 0
2022 08 14 12.0 13.50 33098.50000 33098.56250  1.333    5 0
2022 08 14 15.0 16.50 33098.62500 33098.68750  0.667    3 0
2022 08 14 18.0 19.50 33098.75000 33098.81250  0.333    2 0
2022 08 14 21.0 22.50 33098.87500 33098.93750  0.667    3 0
2022 08 15 00.0 01.50 33099.00000 33099.06250  1.000    4 0
2022 08 15 03.0 04.50 33099.12500 33099.18750  1.333    5 0
2022 08 15 06.0 07.50 33099.25000 33099.31250  1.333    5 0
2022 08 15 09.0 10.50 33099.37500 33099.43750  1.333    5 0
2022 08 15 12.0 13.50 33099.50000 33099.56250  2.000    7 0
2022 08 15 15.0 16.50 33099.62500 33099.68750  1.667    6 0
2022 08 15 18.0 19.50 33099.75000 33099.81250  0.667    3 0
2022 08 15 21.0 22.50 33099.87500 33099.93750  0.667    3 0
2022 08 16 00.0 01.50 33100.00000 33100.06250  1.000    4 0
2022 08 16 03.0 04.50 33100.12500 33100.18750  1.333    5 0
2022 08 16 06.0 07.50 33100.25000 33100.31250  0.667    3 0
2022 08 16 09.0 10.50 33100.37500 33100.43750  1.000    4 0
2022 08 16 12.0 13.50 33100.50000 33100.56250  0.667    3 0
2022 08 16 15.0 16.50 33100.62500 33100.68750  0.333    2 0
2022 08 16 18.0 19.50 33100.75000 33100.81250  0.000    0 0
2022 08 16 21.0 22.50 33100.87500 33100.93750  1.333    5 0
2022 08 17 00.0 01.50 33101.00000 33101.06250  1.667    6 0
2022 08 17 03.0 04.50 33101.12500 33101.18750  3.000   15 0
2022 08 17 06.0 07.50 33101.25000 33101.31250  1.000    4 0
2022 08 17 09.0 10.50 33101.37500 33101.43750  2.333    9 0
2022 08 17 12.0 13.50 33101.50000 33101.56250  2.667   12 0
2022 08 17 15.0 16.50 33101.62500 33101.68750  4.667   39 0
2022 08 17 18.0 19.50 33101.75000 33101.81250  6.333   94 0
2022 08 17 21.0 22.50 33101.87500 33101.93750  5.667   67 0
2022 08 18 00.0 01.50 33102.00000 33102.06250  2.667   12 0
2022 08 18 03.0 04.50 33102.12500 33102.18750  2.333    9 0
2022 08 18 06.0 07.50 33102.25000 33102.31250  3.333   18 0
2022 08 18 09.0 10.50 33102.37500 33102.43750  2.667   12 0
2022 08 18 12.0 13.50 33102.50000 33102.56250  5.000   48 0
2022 08 18 15.0 16.50 33102.62500 33102.68750  5.333   56 0
2022 08 18 18.0 19.50 33102.75000 33102.81250  5.000   48 0
2022 08 18 21.0 22.50 33102.87500 33102.93750  4.667   39 0
2022 08 19 00.0 01.50 33103.00000 33103.06250  3.333   18 0
2022 08 19 03.0 04.50 33103.12500 33103.18750  3.333   18 0
2022 08 19 06.0 07.50 33103.25000 33103.31250  2.000    7 0
2022 08 19 09.0 10.50 33103.37500 33103.43750  2.000    7 0
2022 08 19 12.0 13.50 33103.50000 33103.56250  2.333    9 0
2022 08 19 15.0 16.50 33103.62500 33103.68750  4.000   27 0
2022 08 19 18.0 19.50 33103.75000 33103.81250  5.000   48 0
2022 08 19 21.0 22.50 33103.87500 33103.93750  4.000   27 0
2022 08 20 00.0 01.50 33104.00000 33104.06250  4.000   27 0
2022 08 20 03.0 04.50 33104.12500 33104.18750  3.000   15 0
2022 08 20 06.0 07.50 33104.25000 33104.31250  2.667   12 0
2022 08 20 09.0 10.50 33104.37500 33104.43750  1.000    4 0
2022 08 20 12.0 13.50 33104.50000 33104.56250  0.333    2 0
2022 08 20 15.0 16.50 33104.62500 33104.68750  0.667    3 0
2022 08 20 18.0 19.50 33104.75000 33104.81250  3.000   15 0
2022 08 20 21.0 22.50 33104.87500 33104.93750  3.667   22 0
2022 08 21 00.0 01.50 33105.00000 33105.06250  3.000   15 0
2022 08 21 03.0 04.50 33105.12500 33105.18750  2.333    9 0
2022 08 21 06.0 07.50 33105.25000 33105.31250  2.000    7 0
2022 08 21 09.0 10.50 33105.37500 33105.43750  3.000   15 0
2022 08 21 12.0 13.50 33105.50000 33105.56250  2.667   12 0
2022 08 21 15.0 16.50 33105.62500 33105.68750  4.000   27 0
2022 08 21 18.0 19.50 33105.75000 33105.81250  3.000   15 0
2022 08 21 21.0 22.50 33105.87500 33105.93750  2.000    7 0
2022 08 22 00.0 01.50 33106.00000 33106.06250  3.000   15 0
2022 08 22 03.0 04.50 33106.12500 33106.18750  2.667   12 0
2022 08 22 06.0 07.50 33106.25000 33106.31250  1.333    5 0
2022 08 22 09.0 10.50 33106.37500 33106.43750  1.667    6 0
2022 08 22 12.0 13.50 33106.50000 33106.56250  0.667    3 0
2022 08 22 15.0 16.50 33106.62500 33106.68750  1.000    4 0
2022 08 22 18.0 19.50 33106.75000 33106.81250  1.333    5 0
2022 08 22 21.0 22.50 33106.87500 33106.93750  0.667    3 0
2022 08 23 00.0 01.50 33107.00000 33107.06250  0.667    3 0
2022 08 23 03.0 04.50 33107.12500 33107.18750  0.333    2 0
2022 08 23 06.0 07.50 33107.25000 33107.31250  0.000    0 0
2022 08 23 09.0 10.50 33107.37500 33107.43750  0.667    3 0
2022 08 23 12.0 13.50 33107.50000 33107.56250  0.333    2 0
2022 08 23 15.0 16.50 33107.62500 33107.68750  0.333    2 0
2022 08 23 18.0 19.50 33107.75000 33107.81250  0.333    2 0
2022 08 23 21.0 22.50 33107.87500 33107.93750  2.000    7 0
2022 08 24 00.0 01.50 33108.00000 33108.06250  0.667    3 0
2022 08 24 03.0 04.50 33108.12500 33108.18750  0.667    3 0
2022 08 24 06.0 07.50 33108.25000 33108.31250  0.333    2 0
2022 08 24 09.0 10.50 33108.37500 33108.43750  1.000    4 0
2022 08 24 12.0 13.50 33108.50000 33108.56250  0.667    3 0
2022 08 24 15.0 16.50 33108.62500 33108.68750  0.667    3 0
2022 08 24 18.0 19.50 33108.75000 33108.81250  0.000    0 0
2022 08 24 21.0 22.50 33108.87500 33108.93750  0.667    3 0
2022 08 25 00.0 01.50 33109.00000 33109.06250  1.000    4 0
2022 08 25 03.0 04.50 33109.12500 33109.18750  0.000    0 0
2022 08 25 06.0 07.50 33109.25000 33109.31250  0.667    3 0
2022 08 25 09.0 10.50 33109.37500 33109.43750  1.000    4 0
2022 08 25 12.0 13.50 33109.50000 33109.56250  1.333    5 0
2022 08 25 15.0 16.50 33109.62500 33109.68750  0.000    0 0
2022 08 25 18.0 19.50 33109.75000 33109.81250  0.000    0 0
2022 08 25 21.0 22.50 33109.87500 33109.93750  1.667    6 0
2022 08 26 00.0 01.50 33110.00000 33110.06250  0.667    3 0
2022 08 26 03.0 04.50 33110.12500 33110.18750  1.000    4 0
2022 08 26 06.0 07.50 33110.25000 33110.31250  0.667    3 0
2022 08 26 09.0 10.50 33110.37500 33110.43750  0.667    3 0
2022 08 26 12.0 13.50 33110.50000 33110.56250  0.667    3 0
2022 08 26 15.0 16.50 33110.62500 33110.68750  0.333    2 0
2022 08 26 18.0 19.50 33110.75000 33110.81250  1.000    4 0
2022 08 26 21.0 22.50 33110.87500 33110.93750  1.333    5 0
2022 08 27 00.0 01.50 33111.00000 33111.06250  1.667    6 0
2022 08 27 03.0 04.50 33111.12500 33111.18750  1.333    5 0
2022 08 27 06.0 07.50 33111.25000 33111.31250  0.667    3 0
2022 08 27 09.0 10.50 33111.37500 33111.43750  3.000   15 0
2022 08 27 12.0 13.50 33111.50000 33111.56250  4.000   27 0
2022 08 27 15.0 16.50 33111.62500 33111.68750  2.667   12 0
2022 08 27 18.0 19.50 33111.75000 33111.81250  3.000   15 0
2022 08 27 21.0 22.50 33111.87500 33111.93750  3.000   15 0
2022 08 28 00.0 01.50 33112.00000 33112.06250  1.667    6 0
2022 08 28 03.0 04.50 33112.12500 33112.18750  1.667    6 0
2022 08 28 06.0 07.50 33112.25000 33112.31250  1.333    5 0
2022 08 28 09.0 10.50 33112.37500 33112.43750  3.333   18 0
2022 08 28 12.0 13.50 33112.50000 33112.56250  1.667    6 0
2022 08 28 15.0 16.50 33112.62500 33112.68750  1.667    6 0
2022 08 28 18.0 19.50 33112.75000 33112.81250  1.667    6 0
2022 08 28 21.0 22.50 33112.87500 33112.93750  0.667    3 0
2022 08 29 00.0 01.50 33113.00000 33113.06250  2.000    7 0
2022 08 29 03.0 04.50 33113.12500 33113.18750  4.000   27 0
2022 08 29 06.0 07.50 33113.25000 33113.31250  2.667   12 0
2022 08 29 09.0 10.50 33113.37500 33113.43750  2.667   12 0
2022 08 29 12.0 13.50 33113.50000 33113.56250  3.000   15 0
2022 08 29 15.0 16.50 33113.62500 33113.68750  1.333    5 0
2022 08 29 18.0 19.50 33113.75000 33113.81250  2.333    9 0
2022 08 29 21.0 22.50 33113.87500 33113.93750  1.000    4 0
2022 08 30 00.0 01.50 33114.00000 33114.06250  2.333    9 0
2022 08 30 03.0 04.50 33114.12500 33114.18750  4.000   27 0
2022 08 30 06.0 07.50 33114.25000 33114.31250  2.667   12 0
2022 08 30 09.0 10.50 33114.37500 33114.43750  3.333   18 0
2022 08 30 12.0 13.50 33114.50000 33114.56250  2.333    9 0
2022 08 30 15.0 16.50 33114.62500 33114.68750  1.333    5 0
2022 08 30 18.0 19.50 33114.75000 33114.81250  2.333    9 0
2022 08 30 21.0 22.50 33114.87500 33114.93750  3.000   15 0
2022 08 31 00.0 01.50 33115.00000 33115.06250  3.000   15 0
2022 08 31 03.0 04.50 33115.12500 33115.18750  3.000   15 0
2022 08 31 06.0 07.50 33115.25000 33115.31250  1.333    5 0
2022 08 31 09.0 10.50 33115.37500 33115.43750  1.667    6 0
2022 08 31 12.0 13.50 33115.50000 33115.56250  2.333    9 0
2022 08 31 15.0 16.50 33115.62500 33115.68750  2.000    7 0
2022 08 31 18.0 19.50 33115.75000 33115.81250  2.000    7 0
2022 08 31 21.0 22.50 33115.87500 33115.93750  4.333   32 0
2022 09 01 00.0 01.50 33116.00000 33116.06250  2.667   12 0
2022 09 01 03.0 04.50 33116.12500 33116.18750  3.333   18 0
2022 09 01 06.0 07.50 33116.25000 33116.31250  2.333    9 0
2022 09 01 09.0 10.50 33116.37500 33116.43750  2.333    9 0
2022 09 01 12.0 13.50 33116.50000 33116.56250  1.000    4 0
2022 09 01 15.0 16.50 33116.62500 33116.68750  1.000    4 0
2022 09 01 18.0 19.50 33116.75000 33116.81250  1.333    5 0
2022 09 01 21.0 22.50 33116.87500 33116.93750  1.333    5 0
2022 09 02 00.0 01.50 33117.00000 33117.06250  1.333    5 0
2022 09 02 03.0 04.50 33117.12500 33117.18750  0.667    3 0
2022 09 02 06.0 07.50 33117.25000 33117.31250  1.667    6 0
2022 09 02 09.0 10.50 33117.37500 33117.43750  2.333    9 0
2022 09 02 12.0 13.50 33117.50000 33117.56250  2.333    9 0
2022 09 02 15.0 16.50 33117.62500 33117.68750  0.667    3 0
2022 09 02 18.0 19.50 33117.75000 33117.81250  1.000    4 0
2022 09 02 21.0 22.50 33117.87500 33117.93750  3.667   22 0
2022 09 03 00.0 01.50 33118.00000 33118.06250  5.000   48 0
2022 09 03 03.0 04.50 33118.12500 33118.18750  3.333   18 0
2022 09 03 06.0 07.50 33118.25000 33118.31250  3.333   18 0
2022 09 03 09.0 10.50 33118.37500 33118.43750  3.667   22 0
2022 09 03 12.0 13.50 33118.50000 33118.56250  3.333   18 0
2022 09 03 15.0 16.50 33118.62500 33118.68750  2.667   12 0
2022 09 03 18.0 19.50 33118.75000 33118.81250  3.333   18 0
2022 09 03 21.0 22.50 33118.87500 33118.93750  4.667   39 0
2022 09 04 00.0 01.50 33119.00000 33119.06250  5.333   56 0
2022 09 04 03.0 04.50 33119.12500 33119.18750  5.667   67 0
2022 09 04 06.0 07.50 33119.25000 33119.31250  6.000   80 0
2022 09 04 09.0 10.50 33119.37500 33119.43750  6.333   94 0
2022 09 04 12.0 13.50 33119.50000 33119.56250  4.667   39 0
2022 09 04 15.0 16.50 33119.62500 33119.68750  5.667   67 0
2022 09 04 18.0 19.50 33119.75000 33119.81250  4.667   39 0
2022 09 04 21.0 22.50 33119.87500 33119.93750  5.333   56 0
2022 09 05 00.0 01.50 33120.00000 33120.06250  5.000   48 0
2022 09 05 03.0 04.50 33120.12500 33120.18750  4.667   39 0
2022 09 05 06.0 07.50 33120.25000 33120.31250  4.000   27 0
2022 09 05 09.0 10.50 33120.37500 33120.43750  4.667   39 0
2022 09 05 12.0 13.50 33120.50000 33120.56250  3.667   22 0
2022 09 05 15.0 16.50 33120.62500 33120.68750  4.667   39 0
2022 09 05 18.0 19.50 33120.75000 33120.81250  4.000   27 0
2022 09 05 21.0 22.50 33120.87500 33120.93750  4.333   32 0
2022 09 06 00.0 01.50 33121.00000 33121.06250  4.333   32 0
2022 09 06 03.0 04.50 33121.12500 33121.18750  4.000   27 0
2022 09 06 06.0 07.50 33121.25000 33121.31250  3.000   15 0
2022 09 06 09.0 10.50 33121.37500 33121.43750  3.000   15 0
2022 09 06 12.0 13.50 33121.50000 33121.56250  2.667   12 0
2022 09 06 15.0 16.50 33121.62500 33121.68750  3.000   15 0
2022 09 06 18.0 19.50 33121.75000 33121.81250  3.667   22 0
2022 09 06 21.0 22.50 33121.87500 33121.93750  3.667   22 0
2022 09 07 00.0 01.50 33122.00000 33122.06250  3.000   15 0
2022 09 07 03.0 04.50 33122.12500 33122.18750  2.333   24 0
2022 09 07 06.0 07.50 33122.25000 33122.31250 -1.000   35 0
2022 09 07 09.0 10.50 33122.37500 33122.43750 -1.000   66 0
2022 09 07 12.0 13.50 33122.50000 33122.56250 -1.000   64 0
2022 09 07 15.0 16.50 33122.62500 33122.68750 -1.000   59 0
2022 09 07 18.0 19.50 33122.75000 33122.81250 -1.000   32 0
2022 09 07 21.0 22.50 33122.87500 33122.93750 -1.000   16 0
